top1: 0.000000
top3: 1.000000
